eval_loss = 0.19831275284876315
f1_score = 0.6957611668185961
precision = 0.6495744680851064
recall = 0.7490186457311089
